x,y,U,Err(U),Err(DU),Last Update Type, DU_x,DU_y
-1,-1,nan,nan,nan,nan,nan,nan
-1,-0.8,nan,nan,nan,nan,nan,nan
-1,-0.6,nan,nan,nan,nan,nan,nan
-1,-0.4,nan,nan,nan,nan,nan,nan
-1,-0.2,nan,nan,nan,nan,nan,nan
-1,0,nan,nan,nan,nan,nan,nan
-1,0.2,nan,nan,nan,nan,nan,nan
-1,0.4,nan,nan,nan,nan,nan,nan
-1,0.6,nan,nan,nan,nan,nan,nan
-1,0.8,nan,nan,nan,nan,nan,nan
-1,1,nan,nan,nan,nan,nan,nan
-0.8,-1,nan,nan,nan,nan,nan,nan
-0.8,-0.8,nan,nan,nan,nan,nan,nan
-0.8,-0.6,nan,nan,nan,nan,nan,nan
-0.8,-0.4,0.933345,-1.26325,-0.803724,0.00534528,0.0171597,2
-0.8,-0.2,0.812124,-1.26204,-0.409165,0.00412417,0.0201615,2
-0.8,0,0.770006,-1.2728,-0.00712113,0.00200578,0.0101276,2
-0.8,0.2,0.807147,-1.27942,0.398888,0.00085321,0.00125565,2
-0.8,0.4,0.926685,-1.28072,0.803135,0.0013148,0.00321648,2
-0.8,0.6,nan,nan,nan,nan,nan,nan
-0.8,0.8,nan,nan,nan,nan,nan,nan
-0.8,1,nan,nan,nan,nan,nan,nan
-0.6,-1,nan,nan,nan,nan,nan,nan
-0.6,-0.8,nan,nan,nan,nan,nan,nan
-0.6,-0.6,0.87204,-1.31072,-1.20041,0.00804048,0.00928613,2
-0.6,-0.4,0.671785,-1.3119,-0.801954,0.00778451,0.00833159,2
-0.6,-0.2,0.551282,-1.31773,-0.401213,0.00728179,0.00257724,2
-0.6,0,0.510506,-1.31494,-0.0050216,0.00650643,0.00712889,2
-0.6,0.2,0.544928,-1.30837,0.378884,0.000928202,0.0241082,2
-0.6,0.4,0.66257,-1.32181,0.807486,0.00143009,0.00770134,2
-0.6,0.6,0.861812,-1.31995,1.19891,0.00218756,0.00109188,2
-0.6,0.8,nan,nan,nan,nan,nan,nan
-0.6,1,nan,nan,nan,nan,nan,nan
-0.4,-1,nan,nan,nan,nan,nan,nan
-0.4,-0.8,0.905989,-1.12283,-1.6005,0.00998945,0.00287257,2
-0.4,-0.6,0.625967,-1.12368,-1.20012,0.00996717,0.00367706,2
-0.4,-0.4,0.425956,-1.11881,-0.800198,0.00995642,0.00120771,2
-0.4,-0.2,0.305273,-1.10314,-0.407758,0.00927342,0.0185566,2
-0.4,0,0.264057,-1.13334,0.0136659,0.00805719,0.0190977,2
-0.4,0.2,0.301079,-1.10161,0.363497,0.00507918,0.0408738,2
-0.4,0.4,0.414334,-1.12186,0.811569,0.00166642,0.0117167,2
-0.4,0.6,0.613814,-1.11997,1.20073,0.00218556,0.000725709,2
-0.4,0.8,0.892445,-1.12146,1.59156,0.00355492,0.00856905,2
-0.4,1,nan,nan,nan,nan,nan,nan
-0.2,-1,nan,nan,nan,nan,nan,nan
-0.2,-0.8,0.72121,-0.704334,-1.60952,0.00920979,0.0261297,2
-0.2,-0.6,0.439477,-0.724309,-1.21115,0.00747664,0.0456897,2
-0.2,-0.4,0.238092,-0.740692,-0.802428,0.00609151,0.0607404,2
-0.2,-0.2,0.12,-0.8,-0.4,0.008,0.12,0
-0.2,0,0.08,-0.8,0,0.008,0.12,0
-0.2,0.2,0.12,-0.8,0.4,0.008,0.12,0
-0.2,0.4,0.230258,-0.679254,0.808579,0.00174158,0.00861089,2
-0.2,0.6,0.4298,-0.679727,1.20099,0.00219954,0.00102355,2
-0.2,0.8,0.707998,-0.683077,1.5923,0.00400197,0.00829192,2
-0.2,1,nan,nan,nan,nan,nan,nan
0,-1,nan,nan,nan,nan,nan,nan
0,-0.8,0.645603,-0.0319635,-1.63073,0.00560251,0.0443428,2
0,-0.6,0.363319,-0.0347752,-1.23287,0.00331913,0.0478494,2
0,-0.4,0.160865,-0.0433939,-0.839127,0.000865068,0.0584287,2
0,-0.2,0.04,0,-0.4,0,0,0
0,0,0,0,0,0,0,0
0,0.2,0.04,0,0.4,0,0,0
0,0.4,0.159581,0.0281337,0.826281,0.000419118,0.0384993,2
0,0.6,0.35805,0.00708973,1.20701,0.00194952,0.00996801,2
0,0.8,0.635519,0.0028145,1.6028,0.00448087,0.00397334,2
0,1,0.993972,0.00553718,2.00551,0.00602813,0.00780922,2
0.2,-1,nan,nan,nan,nan,nan,nan
0.2,-0.8,0.731101,0.912756,-1.62579,0.00310097,0.0267867,2
0.2,-0.6,0.448898,0.915514,-1.23056,0.000897871,0.0308838,2
0.2,-0.4,0.246641,0.921781,-0.836916,0.00135916,0.0369592,2
0.2,-0.2,0.12,0.8,-0.4,0.008,0.12,0
0.2,0,0.08,0.8,0,0.008,0.12,0
0.2,0.2,0.12,0.8,0.4,0.008,0.12,0
0.2,0.4,0.242465,0.88603,0.801697,0.00553536,0.034012,2
0.2,0.6,0.442246,0.918221,1.19976,0.00575364,0.00179445,2
0.2,0.8,0.721911,0.931662,1.60309,0.00608897,0.0120638,2
0.2,1,nan,nan,nan,nan,nan,nan
0.4,-1,nan,nan,nan,nan,nan,nan
0.4,-0.8,nan,nan,nan,nan,nan,nan
0.4,-0.6,0.745282,2.08801,-1.23101,0.00128202,0.032032,2
0.4,-0.4,0.543737,2.08698,-0.815934,0.00026274,0.0173945,2
0.4,-0.2,0.41803,2.10169,-0.432943,0.00596984,0.0394413,2
0.4,0,0.376022,2.083,-0.00301232,0.00797793,0.00425392,2
0.4,0.2,0.413333,2.09906,0.386873,0.0106665,0.0231419,2
0.4,0.4,0.533131,2.07031,0.804269,0.010869,0.0105905,2
0.4,0.6,0.73417,2.06562,1.20379,0.00983048,0.0148684,2
0.4,0.8,nan,nan,nan,nan,nan,nan
0.4,1,nan,nan,nan,nan,nan,nan
0.6,-1,nan,nan,nan,nan,nan,nan
0.6,-0.8,nan,nan,nan,nan,nan,nan
0.6,-0.6,nan,nan,nan,nan,nan,nan
0.6,-0.4,nan,nan,nan,nan,nan,nan
0.6,-0.2,0.974205,3.49844,-0.42352,0.00179484,0.0298869,2
0.6,0,0.929237,3.49722,-0.0173956,0.00676271,0.0244796,2
0.6,0.2,0.967338,3.48637,0.394929,0.00866204,0.00813989,2
0.6,0.4,nan,nan,nan,nan,nan,nan
0.6,0.6,nan,nan,nan,nan,nan,nan
0.6,0.8,nan,nan,nan,nan,nan,nan
0.6,1,nan,nan,nan,nan,nan,nan
0.8,-1,nan,nan,nan,nan,nan,nan
0.8,-0.8,nan,nan,nan,nan,nan,nan
0.8,-0.6,nan,nan,nan,nan,nan,nan
0.8,-0.4,nan,nan,nan,nan,nan,nan
0.8,-0.2,nan,nan,nan,nan,nan,nan
0.8,0,nan,nan,nan,nan,nan,nan
0.8,0.2,nan,nan,nan,nan,nan,nan
0.8,0.4,nan,nan,nan,nan,nan,nan
0.8,0.6,nan,nan,nan,nan,nan,nan
0.8,0.8,nan,nan,nan,nan,nan,nan
0.8,1,nan,nan,nan,nan,nan,nan
1,-1,nan,nan,nan,nan,nan,nan
1,-0.8,nan,nan,nan,nan,nan,nan
1,-0.6,nan,nan,nan,nan,nan,nan
1,-0.4,nan,nan,nan,nan,nan,nan
1,-0.2,nan,nan,nan,nan,nan,nan
1,0,nan,nan,nan,nan,nan,nan
1,0.2,nan,nan,nan,nan,nan,nan
1,0.4,nan,nan,nan,nan,nan,nan
1,0.6,nan,nan,nan,nan,nan,nan
1,0.8,nan,nan,nan,nan,nan,nan
1,1,nan,nan,nan,nan,nan,nan
11,11,121,5,2,1
